% latex table generated in R 3.4.2 by xtable 1.8-2 package
% Fri Mar 30 11:59:30 2018
\begin{table}[ht]
\centering
\begin{tabular}{rrrrrrrrrrrrrrrrrrrrrr}
  \hline
 & Lon & Lat & MAT & MDR & Iso & TS & Tmax & Tmin & ATR & MTWeQ & MTDQ & MTWaQ & MTCQ & PA & PWM & PDM & PS & PWeQ & PDQ & PWaQ & PCQ \\ 
  \hline
Lon & 1.00 & 0.13 & -0.03 & -0.37 & -0.40 & 0.13 & 0.02 & -0.02 & 0.02 & 0.16 & -0.14 & 0.13 & -0.07 & -0.04 & -0.05 & 0.23 & -0.11 & -0.07 & 0.18 & 0.09 & -0.20 \\ 
  Lat & 0.13 & 1.00 & -0.87 & 0.38 & -0.89 & 0.91 & -0.45 & -0.88 & 0.85 & -0.47 & -0.83 & -0.59 & -0.91 & -0.70 & -0.75 & 0.36 & -0.50 & -0.80 & 0.28 & -0.36 & -0.41 \\ 
  MAT & -0.03 & -0.87 & 1.00 & -0.52 & 0.76 & -0.90 & 0.65 & 0.97 & -0.90 & 0.64 & 0.95 & 0.85 & 0.98 & 0.66 & 0.74 & -0.35 & 0.48 & 0.76 & -0.27 & 0.33 & 0.46 \\ 
  MDR & -0.37 & 0.38 & -0.52 & 1.00 & -0.27 & 0.46 & 0.09 & -0.63 & 0.71 & -0.37 & -0.43 & -0.46 & -0.51 & -0.68 & -0.69 & 0.13 & -0.07 & -0.68 & 0.07 & -0.27 & -0.59 \\ 
  Iso & -0.40 & -0.89 & 0.76 & -0.27 & 1.00 & -0.92 & 0.28 & 0.82 & -0.82 & 0.29 & 0.80 & 0.37 & 0.85 & 0.60 & 0.71 & -0.64 & 0.67 & 0.75 & -0.56 & 0.05 & 0.48 \\ 
  TS & 0.13 & 0.91 & -0.90 & 0.46 & -0.92 & 1.00 & -0.36 & -0.95 & 0.95 & -0.43 & -0.90 & -0.54 & -0.96 & -0.59 & -0.73 & 0.62 & -0.74 & -0.76 & 0.55 & -0.11 & -0.41 \\ 
  Tmax & 0.02 & -0.45 & 0.65 & 0.09 & 0.28 & -0.36 & 1.00 & 0.46 & -0.26 & 0.51 & 0.59 & 0.82 & 0.55 & 0.17 & 0.17 & 0.03 & 0.09 & 0.18 & 0.05 & 0.23 & 0.04 \\ 
  Tmin & -0.02 & -0.88 & 0.97 & -0.63 & 0.82 & -0.95 & 0.46 & 1.00 & -0.98 & 0.56 & 0.94 & 0.74 & 0.99 & 0.70 & 0.80 & -0.47 & 0.56 & 0.82 & -0.39 & 0.24 & 0.53 \\ 
  ATR & 0.02 & 0.85 & -0.90 & 0.71 & -0.82 & 0.95 & -0.26 & -0.98 & 1.00 & -0.48 & -0.88 & -0.61 & -0.94 & -0.72 & -0.83 & 0.51 & -0.59 & -0.85 & 0.43 & -0.21 & -0.56 \\ 
  MTWeQ & 0.16 & -0.47 & 0.64 & -0.37 & 0.29 & -0.43 & 0.51 & 0.56 & -0.48 & 1.00 & 0.47 & 0.71 & 0.57 & 0.45 & 0.46 & 0.01 & 0.04 & 0.47 & 0.08 & 0.56 & 0.22 \\ 
  MTDQ & -0.14 & -0.83 & 0.95 & -0.43 & 0.80 & -0.90 & 0.59 & 0.94 & -0.88 & 0.47 & 1.00 & 0.76 & 0.95 & 0.57 & 0.68 & -0.48 & 0.58 & 0.70 & -0.41 & 0.16 & 0.46 \\ 
  MTWaQ & 0.13 & -0.59 & 0.85 & -0.46 & 0.37 & -0.54 & 0.82 & 0.74 & -0.61 & 0.71 & 0.76 & 1.00 & 0.75 & 0.57 & 0.56 & 0.04 & 0.04 & 0.57 & 0.10 & 0.48 & 0.41 \\ 
  MTCQ & -0.07 & -0.91 & 0.98 & -0.51 & 0.85 & -0.96 & 0.55 & 0.99 & -0.94 & 0.57 & 0.95 & 0.75 & 1.00 & 0.65 & 0.76 & -0.48 & 0.60 & 0.78 & -0.40 & 0.24 & 0.45 \\ 
  PA & -0.04 & -0.70 & 0.66 & -0.68 & 0.60 & -0.59 & 0.17 & 0.70 & -0.72 & 0.45 & 0.57 & 0.57 & 0.65 & 1.00 & 0.96 & 0.04 & -0.01 & 0.97 & 0.16 & 0.60 & 0.87 \\ 
  PWM & -0.05 & -0.75 & 0.74 & -0.69 & 0.71 & -0.73 & 0.17 & 0.80 & -0.83 & 0.46 & 0.68 & 0.56 & 0.76 & 0.96 & 1.00 & -0.16 & 0.23 & 0.99 & -0.04 & 0.48 & 0.86 \\ 
  PDM & 0.23 & 0.36 & -0.35 & 0.13 & -0.64 & 0.62 & 0.03 & -0.47 & 0.51 & 0.01 & -0.48 & 0.04 & -0.48 & 0.04 & -0.16 & 1.00 & -0.87 & -0.18 & 0.99 & 0.58 & -0.01 \\ 
  PS & -0.11 & -0.50 & 0.48 & -0.07 & 0.67 & -0.74 & 0.09 & 0.56 & -0.59 & 0.04 & 0.58 & 0.04 & 0.60 & -0.01 & 0.23 & -0.87 & 1.00 & 0.23 & -0.87 & -0.40 & -0.05 \\ 
  PWeQ & -0.07 & -0.80 & 0.76 & -0.68 & 0.75 & -0.76 & 0.18 & 0.82 & -0.85 & 0.47 & 0.70 & 0.57 & 0.78 & 0.97 & 0.99 & -0.18 & 0.23 & 1.00 & -0.06 & 0.51 & 0.82 \\ 
  PDQ & 0.18 & 0.28 & -0.27 & 0.07 & -0.56 & 0.55 & 0.05 & -0.39 & 0.43 & 0.08 & -0.41 & 0.10 & -0.40 & 0.16 & -0.04 & 0.99 & -0.87 & -0.06 & 1.00 & 0.65 & 0.11 \\ 
  PWaQ & 0.09 & -0.36 & 0.33 & -0.27 & 0.05 & -0.11 & 0.23 & 0.24 & -0.21 & 0.56 & 0.16 & 0.48 & 0.24 & 0.60 & 0.48 & 0.58 & -0.40 & 0.51 & 0.65 & 1.00 & 0.30 \\ 
  PCQ & -0.20 & -0.41 & 0.46 & -0.59 & 0.48 & -0.41 & 0.04 & 0.53 & -0.56 & 0.22 & 0.46 & 0.41 & 0.45 & 0.87 & 0.86 & -0.01 & -0.05 & 0.82 & 0.11 & 0.30 & 1.00 \\ 
   \hline
\end{tabular}
\caption{Matrix of biogeographic variable correlations.} 
\label{tab:clim_cor}
\end{table}
